# Table Slot: Upper Klamath Lake.Max Release
# Column: [0] Pool Elevation [1 feet]
# Column: [1] Discharge [1 cfs]
4138.0100000000002 500
4138.1099999999997 540
4138.21 580
4138.3100000000004 620
4138.4099999999999 660
4138.5100000000002 700
4138.6099999999997 740
4138.71 780
4138.8100000000004 820
4138.9099999999999 860
4139.0100000000002 900
4139.0200000000004 905.99999999999989
4139.0299999999997 912
4139.04 917.99999999999989
4139.0500000000002 924
4139.0600000000004 929.99999999999989
4139.0699999999997 936
4139.0799999999999 941.99999999999989
4139.0900000000001 948
4139.1000000000004 953.99999999999989
4139.1099999999997 960
4139.1199999999999 965.99999999999989
4139.1300000000001 972
4139.1400000000003 977.99999999999989
4139.1499999999996 984
4139.1599999999999 989.99999999999989
4139.1700000000001 996
4139.1800000000003 1001.9999999999999
4139.1899999999996 1008
4139.1999999999998 1013.9999999999999
4139.21 1020
4139.2200000000003 1026
4139.2299999999996 1032
4139.2399999999998 1038
4139.25 1044
4139.2600000000002 1050
4139.2700000000004 1056
4139.2799999999997 1062
4139.29 1068
4139.3000000000002 1074
4139.3100000000004 1080
4139.3199999999997 1086
4139.3299999999999 1092
4139.3400000000001 1098
4139.3500000000004 1104
4139.3599999999997 1110
4139.3699999999999 1116
4139.3800000000001 1122
4139.3900000000003 1128
4139.3999999999996 1134
4139.4099999999999 1139.9999999999998
4139.4200000000001 1146
4139.4300000000003 1152
4139.4399999999996 1158
4139.4499999999998 1163.9999999999998
4139.46 1170
4139.4700000000003 1176
4139.4799999999996 1182
4139.4899999999998 1187.9999999999998
4139.5 1194
4139.5100000000002 1200
4139.5200000000004 1206
4139.5299999999997 1211.9999999999998
4139.54 1218
4139.5500000000002 1224
4139.5600000000004 1230
4139.5699999999997 1235.9999999999998
4139.5799999999999 1242
4139.5900000000001 1248
4139.6000000000004 1254
4139.6099999999997 1259.9999999999998
4139.6199999999999 1266
4139.6300000000001 1272
4139.6400000000003 1278
4139.6499999999996 1283.9999999999998
4139.6599999999999 1290
4139.6700000000001 1296
4139.6800000000003 1302
4139.6899999999996 1307.9999999999998
4139.6999999999998 1314
4139.71 1320
4139.7200000000003 1326
4139.7299999999996 1331.9999999999998
4139.7399999999998 1338
4139.75 1344
4139.7600000000002 1350
4139.7700000000004 1355.9999999999998
4139.7799999999997 1362
4139.79 1368
4139.8000000000002 1374
4139.8100000000004 1379.9999999999998
4139.8199999999997 1386
4139.8299999999999 1392
4139.8400000000001 1398
4139.8500000000004 1403.9999999999998
4139.8599999999997 1410
4139.8699999999999 1416
4139.8800000000001 1422
4139.8900000000003 1427.9999999999998
4139.8999999999996 1434
4139.9099999999999 1440
4139.9200000000001 1446
4139.9300000000003 1451.9999999999998
4139.9399999999996 1458
4139.9499999999998 1464
4139.96 1470
4139.9700000000003 1475.9999999999998
4139.9799999999996 1482
4139.9899999999998 1488
4140 1494
4140.0100000000002 1499.9999999999998
4140.0200000000004 1507
4140.0299999999997 1514
4140.04 1521
4140.0500000000002 1528
4140.0600000000004 1535
4140.0699999999997 1542
4140.0799999999999 1549
4140.0900000000001 1556
4140.1000000000004 1563
4140.1099999999997 1570
4140.1199999999999 1577.0000000000002
4140.1300000000001 1584
4140.1400000000003 1591
4140.1499999999996 1598
4140.1599999999999 1605
4140.1700000000001 1612
4140.1800000000003 1619
4140.1899999999996 1626
4140.1999999999998 1633
4140.21 1640
4140.2200000000003 1647
4140.2299999999996 1654
4140.2399999999998 1661
4140.25 1667.9999999999998
4140.2600000000002 1675
4140.2700000000004 1682
4140.2799999999997 1689
4140.29 1696
4140.3000000000002 1703
4140.3100000000004 1710
4140.3199999999997 1717
4140.3299999999999 1724
4140.3400000000001 1731
4140.3500000000004 1738
4140.3599999999997 1745.0000000000002
4140.3699999999999 1752
4140.3800000000001 1759
4140.3900000000003 1766
4140.3999999999996 1773
4140.4099999999999 1780
4140.4200000000001 1787
4140.4300000000003 1794
4140.4399999999996 1801
4140.4499999999998 1808
4140.46 1815
4140.4700000000003 1822
4140.4799999999996 1829
4140.4899999999998 1835.9999999999998
4140.5 1843
4140.5100000000002 1850
4140.5200000000004 1857
4140.5299999999997 1864
4140.54 1871
4140.5500000000002 1878
4140.5600000000004 1885
4140.5699999999997 1892
4140.5799999999999 1899
4140.5900000000001 1906
4140.6000000000004 1913.0000000000002
4140.6099999999997 1920
4140.6199999999999 1927
4140.6300000000001 1934
4140.6400000000003 1941
4140.6499999999996 1948
4140.6599999999999 1955
4140.6700000000001 1962
4140.6800000000003 1969
4140.6899999999996 1976
4140.6999999999998 1983
4140.71 1990
4140.7200000000003 1997
4140.7299999999996 2003.9999999999998
4140.7399999999998 2011
4140.75 2018
4140.7600000000002 2025
4140.7700000000004 2032
4140.7799999999997 2039
4140.79 2046
4140.8000000000002 2053
4140.8100000000004 2060
4140.8199999999997 2067
4140.8299999999999 2074
4140.8400000000001 2081
4140.8500000000004 2088
4140.8599999999997 2095
4140.8699999999999 2102
4140.8800000000001 2109
4140.8900000000003 2116
4140.8999999999996 2123
4140.9099999999999 2130
4140.9200000000001 2137
4140.9300000000003 2144
4140.9399999999996 2151
4140.9499999999998 2158
4140.96 2165
4140.9700000000003 2172
4140.9799999999996 2179
4140.9899999999998 2186
4141 2193
4141.0100000000002 2200
4141.0200000000004 2207
4141.0299999999997 2214
4141.04 2221
4141.0500000000002 2228
4141.0600000000004 2235
4141.0699999999997 2242
4141.0799999999999 2249
4141.0900000000001 2256
4141.1000000000004 2263
4141.1099999999997 2270
4141.1199999999999 2277
4141.1300000000001 2284
4141.1400000000003 2291
4141.1499999999996 2298
4141.1599999999999 2305
4141.1700000000001 2312
4141.1800000000003 2319
4141.1899999999996 2326
4141.1999999999998 2333.0000000000005
4141.21 2340
4141.2200000000003 2347
4141.2299999999996 2354
4141.2399999999998 2361
4141.25 2368
4141.2600000000002 2375
4141.2700000000004 2382
4141.2799999999997 2389
4141.29 2396
4141.3000000000002 2403
4141.3100000000004 2410
4141.3199999999997 2417
4141.3299999999999 2423.9999999999995
4141.3400000000001 2431
4141.3500000000004 2438
4141.3599999999997 2445
4141.3699999999999 2452
4141.3800000000001 2459
4141.3900000000003 2466
4141.3999999999996 2473
4141.4099999999999 2480
4141.4200000000001 2487
4141.4300000000003 2494
4141.4399999999996 2501
4141.4499999999998 2508
4141.46 2514.9999999999995
4141.4700000000003 2522
4141.4799999999996 2529
4141.4899999999998 2536
4141.5 2543
4141.5100000000002 2550
4141.5200000000004 2557
4141.5299999999997 2564
4141.54 2571
4141.5500000000002 2578.0000000000005
4141.5600000000004 2585
4141.5699999999997 2592
4141.5799999999999 2599
4141.5900000000001 2606
4141.6000000000004 2613
4141.6099999999997 2620
4141.6199999999999 2627
4141.6300000000001 2634
4141.6400000000003 2641
4141.6499999999996 2648
4141.6599999999999 2655
4141.6700000000001 2662
4141.6800000000003 2669.0000000000005
4141.6899999999996 2676
4141.6999999999998 2683
4141.71 2690
4141.7200000000003 2697
4141.7299999999996 2704
4141.7399999999998 2711
4141.75 2718
4141.7600000000002 2725
4141.7700000000004 2732
4141.7799999999997 2739
4141.79 2746
4141.8000000000002 2753
4141.8100000000004 2759.9999999999995
4141.8199999999997 2767
4141.8299999999999 2774
4141.8400000000001 2781
4141.8500000000004 2788
4141.8599999999997 2795
4141.8699999999999 2802
4141.8800000000001 2809
4141.8900000000003 2816
4141.8999999999996 2823
4141.9099999999999 2830
4141.9200000000001 2837
4141.9300000000003 2844
4141.9399999999996 2850.9999999999995
4141.9499999999998 2858
4141.96 2865
4141.9700000000003 2872
4141.9799999999996 2879
4141.9899999999998 2886
4142 2893
4142.0100000000002 2900
4142.0200000000004 2913
4142.0299999999997 2926
4142.04 2939
4142.0500000000002 2951.9999999999995
4142.0600000000004 2965
4142.0699999999997 2978
4142.0799999999999 2991
4142.0900000000001 3004
4142.1000000000004 3017
4142.1099999999997 3030
4142.1199999999999 3042.9999999999995
4142.1300000000001 3056
4142.1400000000003 3069
4142.1499999999996 3082
4142.1599999999999 3095
4142.1700000000001 3108
4142.1800000000003 3121
4142.1899999999996 3134
4142.1999999999998 3147
4142.21 3160
4142.2200000000003 3173
4142.2299999999996 3186
4142.2399999999998 3199
4142.25 3212
4142.2600000000002 3225
4142.2700000000004 3238
4142.2799999999997 3251
4142.29 3264
4142.3000000000002 3277
4142.3100000000004 3290
4142.3199999999997 3303
4142.3299999999999 3316
4142.3400000000001 3329
4142.3500000000004 3342
4142.3599999999997 3355
4142.3699999999999 3368
4142.3800000000001 3381
4142.3900000000003 3394.0000000000005
4142.3999999999996 3407
4142.4099999999999 3420
4142.4200000000001 3433
4142.4300000000003 3446
4142.4399999999996 3459
4142.4499999999998 3472
4142.46 3485.0000000000005
4142.4700000000003 3498
4142.4799999999996 3511
4142.4899999999998 3524
4142.5 3537
4142.5100000000002 3550
4142.5200000000004 3563
4142.5299999999997 3575.9999999999995
4142.54 3589
4142.5500000000002 3602
4142.5600000000004 3615
4142.5699999999997 3628
4142.5799999999999 3641
4142.5900000000001 3654
4142.6000000000004 3666.9999999999995
4142.6099999999997 3680
4142.6199999999999 3693
4142.6300000000001 3706
4142.6400000000003 3719
4142.6499999999996 3732
4142.6599999999999 3745
4142.6700000000001 3758
4142.6800000000003 3771
4142.6899999999996 3784
4142.6999999999998 3797
4142.71 3810
4142.7200000000003 3823
4142.7299999999996 3836
4142.7399999999998 3849
4142.75 3862
4142.7600000000002 3875
4142.7700000000004 3888
4142.7799999999997 3901
4142.79 3914
4142.8000000000002 3927
4142.8100000000004 3940
4142.8199999999997 3953
4142.8299999999999 3966
4142.8400000000001 3979
4142.8500000000004 3992
4142.8599999999997 4005
4142.8699999999999 4018.0000000000005
4142.8800000000001 4031
4142.8900000000003 4044
4142.8999999999996 4057
4142.9099999999999 4070
4142.9200000000001 4083
4142.9300000000003 4096
4142.9399999999996 4109
4142.9499999999998 4122
4142.96 4135
4142.9700000000003 4148
4142.9799999999996 4161
4142.9899999999998 4174
4143 4187
4143.0100000000002 4200
4143.0200000000004 4218
4143.0299999999997 4236
4143.04 4254
4143.0500000000002 4272
4143.0600000000004 4290
4143.0699999999997 4308
4143.0799999999999 4326
4143.0900000000001 4344
4143.1000000000004 4362
4143.1099999999997 4380
4143.1199999999999 4398
4143.1300000000001 4416
4143.1400000000003 4434
4143.1499999999996 4452
4143.1599999999999 4470
4143.1700000000001 4488
4143.1800000000003 4506
4143.1899999999996 4524
4143.1999999999998 4542
4143.21 4559.9999999999991
4143.2200000000003 4578
4143.2299999999996 4596
4143.2399999999998 4614
4143.25 4632
4143.2600000000002 4650
4143.2700000000004 4668
4143.2799999999997 4686
4143.29 4704
4143.3000000000002 4722
4143.3100000000004 4740
4143.3199999999997 4758
4143.3299999999999 4776
4143.3400000000001 4794
4143.3500000000004 4812
4143.3599999999997 4830
4143.3699999999999 4847.9999999999991
4143.3800000000001 4866
4143.3900000000003 4884
4143.3999999999996 4902
4143.4099999999999 4920
4143.4200000000001 4938
4143.4300000000003 4956
4143.4399999999996 4974
4143.4499999999998 4992
4143.46 5010
4143.4700000000003 5028
4143.4799999999996 5046
4143.4899999999998 5064
4143.5 5082
4143.5100000000002 5100
4143.5200000000004 5118
4143.5299999999997 5135.9999999999991
4143.54 5154
4143.5500000000002 5172
4143.5600000000004 5190
4143.5699999999997 5208
4143.5799999999999 5226
4143.5900000000001 5244
4143.6000000000004 5262
4143.6099999999997 5280
4143.6199999999999 5298
4143.6300000000001 5316
4143.6400000000003 5334
4143.6499999999996 5352
4143.6599999999999 5370
4143.6700000000001 5388
4143.6800000000003 5406
4143.6899999999996 5423.9999999999991
4143.6999999999998 5442
4143.71 5460
4143.7200000000003 5478
4143.7299999999996 5496
4143.7399999999998 5514
4143.75 5532
4143.7600000000002 5550
4143.7700000000004 5568
4143.7799999999997 5586
4143.79 5604
4143.8000000000002 5622
4143.8100000000004 5640
4143.8199999999997 5658
4143.8299999999999 5676
4143.8400000000001 5694
4143.8500000000004 5711.9999999999991
4143.8599999999997 5730
4143.8699999999999 5748
4143.8800000000001 5766
4143.8900000000003 5784
4143.8999999999996 5802
4143.9099999999999 5820
4143.9200000000001 5838
4143.9300000000003 5856
4143.9399999999996 5874
4143.9499999999998 5892
4143.96 5910
4143.9700000000003 5928
4143.9799999999996 5946
4143.9899999999998 5964
4144 5982
4144.0100000000002 5999.9999999999991
4144.0200000000004 6020.0000000000009
4144.0299999999997 6040
4144.04 6060
4144.0500000000002 6080
4144.0600000000004 6100
4144.0699999999997 6120
4144.0799999999999 6140
4144.0900000000001 6160
4144.1000000000004 6180
4144.1099999999997 6200
4144.1199999999999 6220
4144.1300000000001 6240
4144.1400000000003 6260
4144.1499999999996 6280
4144.1599999999999 6300
4144.1700000000001 6320
4144.1800000000003 6340
4144.1899999999996 6360
4144.1999999999998 6380
4144.21 6400
4144.2200000000003 6420
4144.2299999999996 6440
4144.2399999999998 6460
4144.25 6479.9999999999991
4144.2600000000002 6500.0000000000009
4144.2700000000004 6520
4144.2799999999997 6540
4144.29 6560
4144.3000000000002 6580
4144.3100000000004 6600
4144.3199999999997 6620
4144.3299999999999 6640
4144.3400000000001 6660
4144.3500000000004 6680
4144.3599999999997 6700
4144.3699999999999 6720
4144.3800000000001 6740
4144.3900000000003 6760
4144.3999999999996 6780
4144.4099999999999 6800
4144.4200000000001 6820
4144.4300000000003 6840
4144.4399999999996 6860
4144.4499999999998 6880
4144.46 6900
4144.4700000000003 6920
4144.4799999999996 6940
4144.4899999999998 6959.9999999999991
4144.5 6980.0000000000009
4144.5100000000002 7000
4144.5200000000004 7020
4144.5299999999997 7040
4144.54 7060
4144.5500000000002 7080
4144.5600000000004 7100
4144.5699999999997 7120
4144.5799999999999 7140
4144.5900000000001 7160
4144.6000000000004 7180
4144.6099999999997 7200
4144.6199999999999 7220
4144.6300000000001 7240
4144.6400000000003 7260
4144.6499999999996 7280
4144.6599999999999 7300
4144.6700000000001 7320
4144.6800000000003 7340
4144.6899999999996 7360
4144.6999999999998 7380
4144.71 7400
4144.7200000000003 7420
4144.7299999999996 7439.9999999999991
4144.7399999999998 7460.0000000000009
4144.75 7480
4144.7600000000002 7500
4144.7700000000004 7520
4144.7799999999997 7540
4144.79 7560
4144.8000000000002 7580
4144.8100000000004 7600
4144.8199999999997 7620
4144.8299999999999 7640
4144.8400000000001 7660
4144.8500000000004 7680
4144.8599999999997 7700
4144.8699999999999 7720
4144.8800000000001 7740
4144.8900000000003 7760
4144.8999999999996 7780
4144.9099999999999 7800
4144.9200000000001 7820
4144.9300000000003 7840
4144.9399999999996 7860
4144.9499999999998 7880
4144.96 7900
4144.9700000000003 7919.9999999999991
4144.9799999999996 7940.0000000000009
4144.9899999999998 7960
4145 7980
4145.0100000000002 8000
4145.0200000000004 8020
4145.0299999999997 8040
4145.04 8060
4145.0500000000002 8080
4145.0600000000004 8100
4145.0699999999997 8120
4145.0799999999999 8140
4145.0900000000001 8160
4145.1000000000004 8180
4145.1099999999997 8200
4145.1199999999999 8220
4145.1300000000001 8240
4145.1400000000003 8260
4145.1499999999996 8280
4145.1599999999999 8300
4145.1700000000001 8320
4145.1800000000003 8340
4145.1899999999996 8360
4145.1999999999998 8380
4145.21 8400
4145.2200000000003 8420
4145.2299999999996 8440
4145.2399999999998 8460
4145.25 8480
4145.2600000000002 8500
4145.2700000000004 8520
4145.2799999999997 8540
4145.29 8560
4145.3000000000002 8580
4145.3100000000004 8600
4145.4200000000001 8820
4145.4300000000003 8840
4145.4399999999996 8860
4145.4499999999998 8880
4145.46 8900
4145.4700000000003 8920
4145.4799999999996 8940
4145.4899999999998 8960
4145.5 8980
4145.5100000000002 9000
4145.5200000000004 9020
4145.5299999999997 9040
4145.54 9060
4145.5500000000002 9080
4145.5600000000004 9099.9999999999982
4145.5699999999997 9119.9999999999982
4145.5799999999999 9140.0000000000018
4145.5900000000001 9160.0000000000018
4145.6000000000004 9180
4145.6099999999997 9200
4145.6199999999999 9220
4145.6300000000001 9240
4145.6400000000003 9260
4145.6499999999996 9280
4145.6599999999999 9300
4145.6700000000001 9320
4145.6800000000003 9340
4145.6899999999996 9360
4145.6999999999998 9380
4145.71 9400
4145.7200000000003 9420
4145.7299999999996 9440
4145.7399999999998 9460
4145.75 9480
4145.7600000000002 9500
4145.7700000000004 9520
4145.7799999999997 9540
4145.79 9560
4145.8000000000002 9580
4145.8100000000004 9600
4145.8199999999997 9620
4145.8299999999999 9640
4145.8400000000001 9660
4145.8500000000004 9680
4145.8599999999997 9700
4145.8699999999999 9720
4145.8800000000001 9740
4145.8900000000003 9760
4145.8999999999996 9780
4145.9099999999999 9800
4145.9200000000001 9820
4145.9300000000003 9840
4145.9399999999996 9860
4145.9499999999998 9880
4145.96 9900
4145.9700000000003 9920
4145.9799999999996 9940
4145.9899999999998 9960
4146 9980
4146.0100000000002 10000
