# Table Slot: Upper Klamath Lake.Elevation Volume Table
# Column: [0] Pool Elevation [1 feet]
# Column: [1] Storage [1 acre-ft]
4138.0100000000002 0
4138.1099999999997 6557
4138.21 13220
4138.3100000000004 19983
4138.4099999999999 26843
4138.5100000000002 33797
4138.6099999999997 40841
4138.71 47970
4138.8100000000004 55180
4138.9099999999999 62464
4139.0100000000002 69817
4139.1099999999997 77226
4139.21 84678
4139.3100000000004 92165
4139.4099999999999 99687
4139.5100000000002 107242
4139.6099999999997 114831
4139.71 122453.99999999999
4139.8100000000004 130112.00000000001
4139.9099999999999 137802
4140.0100000000002 145526
4140.1099999999997 153283
4140.21 161083
4140.3100000000004 168935
4140.4099999999999 176843
4140.5100000000002 184812
4140.6099999999997 192845
4140.71 200944
4140.8100000000004 209111
4140.9099999999999 217347
4141.0100000000002 225650.99999999997
4141.1099999999997 234014
4141.21 242443.00000000003
4141.3100000000004 250948.99999999997
4141.4099999999999 259539.00000000003
4141.5100000000002 268218
4141.6099999999997 276991
4141.71 285864
4141.8100000000004 294841
4141.9099999999999 303924
4142.0100000000002 313118
4142.1099999999997 322432
4142.21 331839
4142.3100000000004 341326
4142.4099999999999 350886
4142.5100000000002 360513
4142.6099999999997 370206
4142.71 379960
4142.8100000000004 389775
4142.9099999999999 399649
4143.0100000000002 409581
4143.1099999999997 419582
4143.21 429623
4143.3100000000004 439696
4143.4099999999999 449797.99999999994
4143.5100000000002 459928.00000000006
4143.6099999999997 470083
4143.71 480264
4143.8100000000004 490469.99999999994
4143.9099999999999 500699
4144.0100000000002 510949.00000000006
4144.1099999999997 521221
4144.21 531509
4144.3100000000004 541813
4144.4099999999999 552132
4144.5100000000002 562465
4144.6099999999997 572812
4144.71 583175
4144.8100000000004 593552
4144.9099999999999 603943
4145.0100000000002 614345
4145.1099999999997 624761
4145.21 635189
4145.3100000000004 645627
4145.4099999999999 656076
4145.5100000000002 666535
